2
4
6
3
4
4
4
6
6
1
6
6
1
4
4
1
6
6
3
6
6
6
6
6
3
3
3
3
6
3
6
3
3
6
3
3
3
3
6
3
6
6
3
3
3
3
6
6
6
3
6
6
6
3
6
6
6
3
6
3
6
3
6
3
3
6
6
6
6
3
3
6
6
6
3
6
3
6
6
3
6
6
6
3
6
6
6
6
3
3
6
3
6
6
6
6
6
6
3
6
6
3
3
3
3
6
3
3
6
6
6
6
3
6
6
6
6
3
6
6
6
6
6
3
3
3
6
3
3
3
6
3
6
5
3
3
6
3
3
6
3
3
6
6
6
6
6
6
6
3
3
3
3
6
3
3
6
3
3
3
3
3
3
3
3
6
6
6
6
3
6
6
1
6
6
3
6
6
1
6
3
6
6
3
3
6
3
1
3
3
3
6
3
3
6
3
3
3
3
6
4
6
6
3
6
6
6
6
3
6
3
6
3
6
6
1
1
3
3
6
3
6
6
3
4
3
3
3
6
6
6
6
6
3
6
3
3
6
3
3
6
6
3
6
3
6
3
3
6
6
3
3
3
3
3
6
3
3
3
6
6
3
6
3
3
6
3
3
6
6
6
3
3
3
3
6
6
3
3
3
3
3
3
6
6
6
3
6
3
3
4
3
4
5
1
5